1.8000000265407152
1.8000000265407152
1.8000000265407152
1.8000000265407152
1.8000000265407152
1.8000000265407152
1.8000000265407152
1.8000000265407152
1.8000000265407152
1.8000000265407152
1.8000000265407152
1.8000000265407152
1.8000000265407152
1.8000000265407152
1.8000000265407152
1.8000000265407152
1.8000000265407152
1.8000000265407152
1.8000000265407152
1.8000000265407152
1.8000000265407152
1.8000000265407152
1.8000000265407152
1.8000000265407152
1.8000000265407152
1.8000000265407152
1.8000000265407152
1.8000000265407152
1.8000000265407152
1.8000000265407152
